2721
2047
78
2648
1073
3275
3188
2427
3402
1394
2563
2908
2594
1931
2110
3574
4958
2660
1545
140
2189
1382
564
4376
976
1275
2263
3618
3331
439
833
1784
3964
4163
2189
2944
4073
971
1938
1225
363
701
1716
1511
4917
1522
678
2831
4423
2067
1757
3798
4558
10
2339
735
1895
4666
4733
3408
1564
2996
3054
4660
3997
2771
580
2444
3090
4214
2453
2948
3787
2112
4279
2679
4513
4698
2041
886
3474
4150
3393
4993
349
1616
468
2747
2770
1911
303
424
518
2891
4059
509
4719
3704
1777
1170
4503
4907
517
2976
1905
4305
368
2218
2664
1527
2473
3858
2656
4737
1286
3544
2753
1336
4337
1267
4275
1021
4927
3324
164
2611
94
2717
1409
4324
4897
1588
2694
3561
2306
4082
1597
574
3030
178
3589
4688
4220
-23
2766
523
2758
398
1731
391
1458
462
3628
2985
2261
4959
4762
2180
2240
4396
2528
2370
3493
4652
4376
1110
4831
4477
1362
3876
2286
4706
2914
4509
4956
3990
3521
2741
3550
3124
1902
2239
2930
901
2564
3620
1840
3129
4353
2649
3918
1983
20
4751
3433
4384
1070
4042
16
1608
2082
3857
3098
3302
3087
4139
2359
2871
3813
75
1682
4928
4051
3010
4845
4089
2905
2121
2943
1061
2773
2534
341
1575
2962
1081
4184
-63
3117
1299
1583
4484
992
2435
1407
1486
3188
3474
2243
1122
2522
2386
2753
1237
1687
810
634
664
4709
3784
3268
1500
2863
3660
3184
2461
3514
4446
3074
2036
-34
1094
2425
-20
1899
4603
195
4343
1782
3468
3223
3389
519
2863
3277
2948
4206
776
3161
-45
3566
3602
-15
463
280
4213
281
3323
4488
3220
980
3651
315
2706
3840
1237
3094
4271
2944
1351
4545
1447
2767
1423
1356
3259
2752
2812
4889
1891
2219
2502
924
977
3299
2044
1350
2741
395
3166
3144
270
3596
2167
394
381
3578
2408
4444
664
1916
4585
1867
3097
4598
1319
3558
1855
1707
616
4820
2353
2330
1496
1144
679
3299
618
917
2982
4942
3381
2729
2502
2987
4428
-46
3054
3790
807
1897
1663
2929
2177
3954
3271
2900
4130
2581
-75
1742
2186
328
2010
3722
1970
3740
3066
3384
547
1378
3622
1049
3846
1400
1933
4483
2554
499
4392
1939
40
1230
204
1739
1067
2670
2977
1009
3415
4573
528
1938
1690
160
1984
3644
2088
4675
3842
845
1710
470
142
4263
-18
1888
3286
1354
1197
4079
3785
2530
1513
3236
215
263
706
4800
380
3431
4028
1625
3601
4981
151
1293
874
2022
1161
3132
3595
1932
2925
1698
1364
869
3679
2017
219
79
3961
347
888
1472
4533
4603
2982
4028
4852
2168
2169
3483
1236
2069
105
933
894
1525
2059
1679
2955
4540
564
2476
893
3911
1769
1824
412
65
1331
4536
3102
3068
4911
2283
426
3812
203
83
4222
58
2714
