-2099
2721
2047
78
-2349
-1487
2648
-2437
1073
3275
-3598
3188
-3060
2427
-3490
-548
3402
-2390
1394
2563
-867
-3595
2908
2594
-4008
1931
2110
-4379
-4729
-3258
3574
4958
2660
-491
1545
140
-3011
2189
-1352
1382
564
-1814
4376
-546
-4123
-1399
-2694
976
1275
2263
-2971
-3142
-785
-2386
3618
-708
-4261
-1213
-874
3331
-2985
439
-1064
-1122
-2868
-296
833
1784
3964
4163
-3304
2189
2944
-2550
4073
-4475
971
-3961
-1301
-1683
-4580
1938
1225
363
701
-2257
1716
-1154
-1824
1511
-864
-3971
-4632
-1781
-3883
-3739
4917
1522
-4033
-1889
-4916
678
2831
4423
-1533
2067
-4941
1757
3798
4558
10
-2126
2339
-4330
735
1895
-2335
4666
4733
-3478
3408
-3996
-2179
-1193
-327
-1049
1564
2996
3054
4660
3997
-2595
2771
-3901
-1716
-4278
580
-2794
-4615
2444
3090
-2473
4214
2453
2948
3787
2112
-4236
4279
2679
4513
4698
2041
886
3474
-2477
4150
-4223
-4041
-337
3393
-1371
-1418
-610
-411
4993
349
-991
-3748
-2601
-3538
-124
-3791
-886
-877
1616
468
2747
-484
-380
2770
-3229
-2658
1911
303
424
518
2891
-3034
-1046
-239
4059
509
4719
3704
-2266
1777
-4032
1170
-587
4503
4907
-1831
-4153
-673
-3613
517
-4384
2976
1905
4305
368
2218
2664
-1839
1527
2473
3858
2656
-1038
4737
-1866
-1788
-3899
-631
-2597
1286
3544
-520
-4689
2753
-3322
1336
-2626
4337
1267
4275
1021
-2361
-2098
-4724
-1961
-3144
-598
-1172
4927
3324
164
2611
-4738
94
-3858
-4254
-186
2717
-4406
1409
-2773
-1721
4324
4897
1588
-3622
2694
-944
-1329
3561
-4342
-3746
-1977
2306
-4483
4082
-340
-320
1597
574
3030
178
3589
4688
-4524
4220
-23
-1398
-4987
2766
523
-1797
-1471
2758
398
1731
-3500
391
-100
-4191
1458
-1475
462
3628
2985
2261
-1638
4959
4762
2180
2240
4396
2528
-2937
2370
-1225
-4340
-1479
-1213
-1467
3493
-1750
4652
-471
-1073
4376
1110
-4190
-2187
4831
-3024
-4026
-589
-426
-235
-78
4477
1362
-3931
-2031
-3017
-4090
-903
-3318
3876
2286
4706
-2213
2914
-1961
-1855
4509
4956
3990
3521
2741
-951
3550
-4463
-844
3124
-3394
-3219
-1379
-973
1902
-849
-3455
2239
-1369
-1670
2930
901
2564
-4355
-4763
-3611
-3750
3620
-4018
1840
-4647
3129
-4622
4353
-3485
-1337
-3941
2649
3918
-1621
1983
20
4751
3433
4384
1070
-2431
-3117
-3356
4042
-1261
-3912
-959
-2906
16
1608
2082
-3399
-1249
-538
-4451
3857
-3037
3098
3302
3087
4139
2359
2871
-2459
3813
75
1682
4928
4051
3010
-407
4845
4089
2905
2121
2943
1061
-2749
2773
2534
-781
341
-1973
-3934
1575
-4885
-1509
-790
-3801
-2512
2962
1081
4184
-2604
-63
3117
-2800
1299
-4089
1583
-1238
4484
992
-3280
2435
-4426
-2816
-3546
-1993
1407
1486
3188
-4369
-1097
3474
-3980
2243
1122
-3401
-1390
2522
-481
2386
-930
-4932
2753
1237
-3485
-1471
1687
810
634
-4217
-2508
664
4709
3784
3268
-3869
1500
-4542
-2602
2863
-4531
3660
-2561
-85
-963
-466
-4047
3184
2461
3514
4446
3074
2036
-1701
-34
1094
2425
-20
-2739
-1003
-1412
-4248
-2879
-1130
1899
4603
195
-2320
-873
4343
-888
-1008
1782
3468
-122
-4499
3223
3389
519
-1414
-578
-3206
-3200
-3946
-3106
2863
3277
2948
4206
776
3161
-45
3566
3602
-2324
-1311
-15
463
-766
280
4213
281
-187
3323
-4810
-1351
-388
-3304
4488
-4492
3220
980
3651
315
-2125
-3832
2706
3840
1237
3094
-4023
4271
-329
2944
-4994
1351
4545
-4380
-1310
1447
-1019
-2782
-2122
-4824
-1282
2767
1423
-3733
-4571
-1386
1356
3259
2752
2812
4889
-2032
1891
-4490
-4878
-1675
-3001
2219
-2098
2502
-4271
924
977
-1796
-345
3299
2044
-203
1350
-4850
2741
395
3166
-279
-3521
3144
270
3596
2167
-1123
394
381
-602
3578
2408
-3529
4444
664
-227
1916
4585
-109
-2123
-2990
1867
-1430
-663
3097
4598
1319
-2303
-2469
-3451
-3800
-499
3558
1855
-1951
-2229
1707
-3813
616
-1336
-2816
4820
2353
2330
1496
1144
679
-2883
3299
-4115
-3438
-1151
-3453
618
-465
-3133
917
-911
-4497
-3425
-399
2982
4942
-2601
-4438
-3548
3381
2729
-2393
2502
-2976
2987
4428
-1967
-46
-3994
-4327
-380
-939
-3457
3054
3790
807
1897
-742
-4189
1663
-3678
-1045
-2433
2929
2177
3954
3271
-2451
2900
4130
2581
-4028
-75
-3401
1742
-1143
2186
-1165
-3056
-1286
328
2010
3722
-4252
1970
3740
3066
-2356
3384
547
-871
-2910
-4261
-1829
-2789
1378
-3156
-3986
3622
1049
-2954
-3080
-3515
-2318
3846
-4812
-2248
-2640
1400
1933
4483
2554
-2874
-4267
499
4392
1939
-4156
-4184
-2101
40
-3889
-2958
1230
204
-1321
-5000
-764
-2484
1739
-4382
-1415
1067
-2098
-2427
2670
-502
2977
1009
3415
-1278
-1998
-524
-4175
4573
-600
-737
-2644
528
1938
1690
-3398
160
-4293
1984
3644
2088
4675
3842
845
-532
1710
-3764
470
-2827
-321
-2444
-3394
-4805
142
-4492
-4496
4263
-18
1888
3286
-3647
1354
-3587
-740
-2429
-1744
1197
4079
3785
-1934
-1973
2530
1513
-1944
3236
215
-4928
-4998
263
-4700
-873
-3029
-2782
-1742
-1680
-2666
-1805
706
4800
-4886
-4485
-3048
-155
380
3431
-2186
4028
1625
3601
-1208
-3175
-720
4981
-2428
-940
-2336
-2134
-3023
151
-4582
-1696
1293
874
-588
2022
-2394
-4221
1161
-3535
3132
3595
-2531
-1211
1932
-4418
2925
1698
-2780
-1178
1364
869
3679
2017
-3055
219
-4947
79
-3569
-4658
-3115
3961
-3872
-3096
-432
347
888
-4670
-1789
1472
4533
-3949
4603
-3699
-4109
-4239
-1667
-1023
2982
4028
4852
-2711
-1810
2168
-82
-510
-1147
2169
3483
1236
-2908
-3826
-4866
-2139
2069
-3306
105
-1119
933
-3052
-357
894
-1222
-860
-2910
1525
2059
1679
2955
-1281
4540
564
-4122
2476
-319
893
-1210
-717
3911
-2781
1769
-1327
-665
1824
412
65
1331
-3017
-3605
-382
4536
3102
3068
4911
2283
-2809
-4766
426
-1711
-3708
3812
-4444
-3290
-767
-4506
203
-4529
83
4222
-3791
58
-4961
-4528
2714
