-2099
-2349
-1487
-2437
-3598
-3060
-3490
-548
-2390
-867
-3595
-4008
-4379
-4729
-3258
-491
-3011
-1352
-1814
-546
-4123
-1399
-2694
-2971
-3142
-785
-2386
-708
-4261
-1213
-874
-2985
-1064
-1122
-2868
-296
-3304
-2550
-4475
-3961
-1301
-1683
-4580
-2257
-1154
-1824
-864
-3971
-4632
-1781
-3883
-3739
-4033
-1889
-4916
-1533
-4941
-2126
-4330
-2335
-3478
-3996
-2179
-1193
-327
-1049
-2595
-3901
-1716
-4278
-2794
-4615
-2473
-4236
-2477
-4223
-4041
-337
-1371
-1418
-610
-411
-991
-3748
-2601
-3538
-124
-3791
-886
-877
-484
-380
-3229
-2658
-3034
-1046
-239
-2266
-4032
-587
-1831
-4153
-673
-3613
-4384
-1839
-1038
-1866
-1788
-3899
-631
-2597
-520
-4689
-3322
-2626
-2361
-2098
-4724
-1961
-3144
-598
-1172
-4738
-3858
-4254
-186
-4406
-2773
-1721
-3622
-944
-1329
-4342
-3746
-1977
-4483
-340
-320
-4524
-1398
-4987
-1797
-1471
-3500
-100
-4191
-1475
-1638
-2937
-1225
-4340
-1479
-1213
-1467
-1750
-471
-1073
-4190
-2187
-3024
-4026
-589
-426
-235
-78
-3931
-2031
-3017
-4090
-903
-3318
-2213
-1961
-1855
-951
-4463
-844
-3394
-3219
-1379
-973
-849
-3455
-1369
-1670
-4355
-4763
-3611
-3750
-4018
-4647
-4622
-3485
-1337
-3941
-1621
-2431
-3117
-3356
-1261
-3912
-959
-2906
-3399
-1249
-538
-4451
-3037
-2459
-407
-2749
-781
-1973
-3934
-4885
-1509
-790
-3801
-2512
-2604
-2800
-4089
-1238
-3280
-4426
-2816
-3546
-1993
-4369
-1097
-3980
-3401
-1390
-481
-930
-4932
-3485
-1471
-4217
-2508
-3869
-4542
-2602
-4531
-2561
-85
-963
-466
-4047
-1701
-2739
-1003
-1412
-4248
-2879
-1130
-2320
-873
-888
-1008
-122
-4499
-1414
-578
-3206
-3200
-3946
-3106
-2324
-1311
-766
-187
-4810
-1351
-388
-3304
-4492
-2125
-3832
-4023
-329
-4994
-4380
-1310
-1019
-2782
-2122
-4824
-1282
-3733
-4571
-1386
-2032
-4490
-4878
-1675
-3001
-2098
-4271
-1796
-345
-203
-4850
-279
-3521
-1123
-602
-3529
-227
-109
-2123
-2990
-1430
-663
-2303
-2469
-3451
-3800
-499
-1951
-2229
-3813
-1336
-2816
-2883
-4115
-3438
-1151
-3453
-465
-3133
-911
-4497
-3425
-399
-2601
-4438
-3548
-2393
-2976
-1967
-3994
-4327
-380
-939
-3457
-742
-4189
-3678
-1045
-2433
-2451
-4028
-3401
-1143
-1165
-3056
-1286
-4252
-2356
-871
-2910
-4261
-1829
-2789
-3156
-3986
-2954
-3080
-3515
-2318
-4812
-2248
-2640
-2874
-4267
-4156
-4184
-2101
-3889
-2958
-1321
-5000
-764
-2484
-4382
-1415
-2098
-2427
-502
-1278
-1998
-524
-4175
-600
-737
-2644
-3398
-4293
-532
-3764
-2827
-321
-2444
-3394
-4805
-4492
-4496
-3647
-3587
-740
-2429
-1744
-1934
-1973
-1944
-4928
-4998
-4700
-873
-3029
-2782
-1742
-1680
-2666
-1805
-4886
-4485
-3048
-155
-2186
-1208
-3175
-720
-2428
-940
-2336
-2134
-3023
-4582
-1696
-588
-2394
-4221
-3535
-2531
-1211
-4418
-2780
-1178
-3055
-4947
-3569
-4658
-3115
-3872
-3096
-432
-4670
-1789
-3949
-3699
-4109
-4239
-1667
-1023
-2711
-1810
-82
-510
-1147
-2908
-3826
-4866
-2139
-3306
-1119
-3052
-357
-1222
-860
-2910
-1281
-4122
-319
-1210
-717
-2781
-1327
-665
-3017
-3605
-382
-2809
-4766
-1711
-3708
-4444
-3290
-767
-4506
-4529
-3791
-4961
-4528
